Fighter
-------

Level   to Hit  Hit Dice    Fort    Ref     will    WP      NWP
---------------------------------------------------------------
1       +1      1d10        +5      +5      +4      4       3
2       +2      2d10        +6      +5      +5      4       3
3       +3      3d10        +6      +6      +5      5       3
4       +4      4d10        +7      +6      +6      5       4
5       +5      5d10        +7      +7      +6      5       4
6       +6      6d10        +8      +7      +7      6       4
7       +7      7d10        +8      +8      +7      6       4
8       +8      8d10        +9      +8      +8      6       5
9       +9      9d10        +9      +9      +8      7       5
10      +10     10d10       +10     +9      +9      7       5
11      +11     +3          +10     +10     +9      7       5
12      +12     +3          +11     +10     +10     8       6
13      +13     +3          +11     +11     +10     8       6
14      +14     +3          +12     +11     +11     8       6
15      +15     +3          +12     +12     +11     9       6
16      +16     +3          +13     +12     +12     9       7
17      +17     +3          +13     +13     +12     9       7
18      +18     +3          +14     +13     +13     10      7
19      +19     +3          +14     +14     +13     10      7
20      +20     +3          +15     +14     +14     10      8
